-4.6471895308 -3.9199685583
-5.195455576 -3.8099823165
-4.9711912858 -3.7091452986
-4.9332651345 -3.7011841854
-5.5105979632 -3.8692762809
-5.2908731349 -3.9908482965
-4.9690105149 -3.9243674961
-4.9687302062 -3.7539418639
-5.209710593 -4.2840035874
-5.0876148603 -4.250559072
-5.1790933122 -3.9226195004
-4.9143336259 -3.9866965555
-5.1344920896 -4.0719106323
-5.0803561872 -4.3260396694
-4.8541818876 -3.9742034179
-5.1369620182 -4.1741594298
-5.2330299682 -3.8198347026
-4.6208221648 -3.7642440858
-5.0806353894 -3.7555109859
-4.8586853664 -3.9978999959
-4.6233698606 -4.2695518122
-4.6112757629 -4.0827237962
-4.6264882079 -3.8187910683
-4.8395087208 -3.8105496065
-4.9247148938 -4.2198801581
-5.0299269081 -4.0870307103
-5.1539832149 -3.8921501617
-4.864713341 -3.8846818367
-5.2982515185 -3.9121216598
-4.8111041026 -4.1825644451
-5.0136483211 -3.6573314557
-5.1326956573 -3.7746728156
-5.0996064901 -3.6140935892
-4.8311274047 -4.2000430695
-4.8158282352 -3.9362544694
-4.8636810963 -4.1606819328
-5.0707987823 -4.2749902587
-5.3204115311 -4.2208766679
-5.2585713819 -3.9465898261
-5.0343092662 -3.8456418898
-5.0738363676 -4.0478758355
-5.3233912089 -4.0048652249
-4.8179642184 -3.936556357
-5.0820099386 -4.0034040828
-5.1911890001 -4.0691963551
-4.9873476012 -3.9686986924
-5.2848121818 -4.0986639767
-4.8437603797 -3.7011030911
-5.1274874051 -4.0794543629
-5.3352007613 -3.769533687
-4.8957870247 -4.115157594
-4.8610501713 -4.1451194757
-5.2377718516 -4.1013632709
-4.9622442806 -3.8952217952
-4.9201907309 -4.5545185513
-5.078190675 -3.9012516445
-5.0221081315 -3.7959654577
-4.8782312331 -4.2090506732
-5.1256175119 -4.0962054237
-4.7726217275 -3.9804550065
-5.2613053704 -3.6683738641
-5.0921439575 -4.2668516943
-5.0267403119 -3.7844512388
-4.9811296821 -4.0084342903
-5.1439208777 -4.1625985977
-5.0624584502 -4.0315334032
-4.8505623332 -4.237788991
-4.8787360951 -4.3511781167
-4.7862981201 -4.0906771608
-5.056071099 -4.0729387089
-5.1528287848 -4.2875582948
-5.1042378625 -4.36861391
-4.8603085702 -3.9992458222
-4.9678143663 -4.0381306987
-4.9439116589 -4.1986247222
-4.9012326447 -3.871337107
-5.3396211639 -3.9225439049
-5.3313430205 -4.1971021475
-4.8865419444 -4.0445350201
-5.1522984424 -3.8284152151
-5.1197307874 -4.2231793972
-4.9289036415 -3.8370960355
-5.2893069399 -3.8399404101
-4.8630997786 -3.9258349997
-4.8140989777 -3.8835550817
-4.9812093541 -3.8113907825
-5.0933691092 -4.2833812226
-4.9370365591 -3.8356828576
-5.0790457965 -4.2318841033
-5.0230214937 -3.9085168788
-5.2109256928 -3.8359504325
-4.5957912877 -4.0937728376
-5.1035038085 -4.1957659719
-4.5175092641 -4.1921008763
-5.4032813256 -4.1078909267
-4.8011211217 -3.7361726247
-4.8457188103 -3.7941122342
-5.5311238186 -3.6973343835
-5.2059870567 -4.0699886729
-5.0147849333 -4.1317105934
-4.923453514 -4.0068484561
-5.1162536954 -4.3265269053
-4.8209479454 -3.7250071867
-4.9648362093 -3.900261945
-5.0445211362 -4.1826158436
-5.1777440515 -3.8126515073
-5.4479208117 -3.919700189
-5.1170862409 -4.0523290891
-4.9573039902 -4.2417147308
-5.0887672186 -3.7843605393
-4.9672142855 -3.9807357288
-4.7404308419 -4.4728347634
-4.5977486637 -4.0089190853
-4.9606885199 -3.9290484614
-4.9092436175 -4.3659480822
-5.072771762 -4.1611253015
-5.3903608203 -4.131978346
-5.0941275316 -4.043389914
-4.8913376217 -3.9121914085
-4.9241528933 -4.0940065765
-5.310085869 -3.9165362358
-5.1180115292 -4.022097881
-5.3484712396 -4.2606485508
-4.9190476376 -3.9552312873
-4.8647078535 -4.0764017911
-5.2452392384 -3.9633321602
-5.1374598074 -4.0234949093
-4.919347092 -4.183600954
-5.0180764015 -3.726480552
-5.0609927276 -3.7942129015
-4.9426191024 -4.4641188552
-4.91005758 -4.0134551218
-5.1865481822 -4.2526136698
-5.1298675856 -4.004684621
-5.1091423948 -4.376917169
-4.9213874132 -4.1877963145
-5.1182805336 -3.7751161631
-5.5669109011 -3.5766417957
-4.9338846488 -3.8101507053
-4.7818500531 -4.0692498895
-5.2889880398 -4.2421085988
-4.5735693179 -3.8127108548
-5.1409842705 -3.8640050312
-5.0202562972 -4.1606282775
-5.0773741694 -4.1020585479
-5.1774361884 -4.1865578083
-5.1010716635 -4.1631583084
-5.4490643297 -3.887198293
-5.2355257925 -4.2280392602
-4.8888426072 -3.9979301371
-4.8454610326 -4.3323196582
-4.8357188126 -3.8658859099
-5.0902606074 -3.946862405
-5.2205812426 -4.0203394549
-5.0998033276 -3.9957297552
-5.3582655096 -4.0117173102
-4.7021288076 -3.8957392503
-4.9703100837 -3.8941909523
-5.1515741721 -4.0100168189
-5.1797884313 -3.9850827187
-4.7177655872 -3.8428392346
-4.9189591839 -3.9003895191
-5.1064979838 -3.8709889453
-4.6528242005 -4.1335425441
-5.0022291224 -3.99770022
-4.9346074809 -3.9339929771
-4.9350260768 -3.8005764038
4.0867276629 0.9151679477
4.023958276 0.9630198834
3.9806823299 1.0755740289
3.7417203367 0.8846049636
3.9563251663 0.8357034706
4.1154184031 1.0172504417
3.8983261351 0.9885224675
4.1081376035 0.9368624012
3.8938777713 0.977752299
4.1326461642 0.9035393576
3.9112219863 1.0936398544
3.9352818568 1.047224715
4.199795608 0.9143450692
3.8538267312 0.9316560233
4.18227236 0.9478420322
3.9182506902 0.8598652707
4.096744615 0.9944647452
3.8701313278 1.1276075346
4.2339624806 0.9723567155
4.1592770754 0.9741427368
3.9159709605 0.8993168248
4.0365848788 1.1297825267
4.025871644 1.0275600674
3.9052511405 1.0244443456
4.0246147789 1.0863519658
3.963444891 1.0938092541
3.9925195017 1.0012231984
3.9342073908 1.0968882639
3.9693234224 0.959369687
4.03595044 0.9855433183
4.0433107953 0.9594058273
4.0441032907 1.0178792866
4.041287082 0.9801601103
4.055596268 1.0892473887
4.0201479947 1.0540773585
3.8999669651 1.1673985707
3.9092699879 1.0224252221
4.1015665282 1.0701041341
3.9207884979 0.8954475443
3.9246295534 1.0137689826
4.1065315492 1.0985317509
4.1669250806 1.030198921
4.0418398011 1.0435546159
3.9280059468 0.9106425598
4.0189499638 0.8651586912
4.0209849478 0.87593754
4.0381416254 1.0067492257
3.896851754 0.8570008741
4.0938746876 1.0607111672
3.9598702195 0.9683344705
3.9199917524 0.8956870502
3.9120839371 0.9768898392
3.990975615 1.0731658927
3.8895383403 0.9969063743
3.9692308723 1.0269024073
3.9937946874 1.125916713
4.1769921388 0.9831785777
4.073035179 1.1104578474
4.0460814477 1.092379656
3.8853999574 1.0047066095
3.9728228434 1.0217179633
3.8518754038 0.8727441865
3.9731627265 0.9830241706
3.9966680717 0.8469196503
4.1397896261 1.0055171355
3.9544174652 1.1426158752
4.0327066209 1.1631597428
4.0192863956 0.8842982719
3.9924349529 1.0420918284
4.1905063641 0.998522278
3.9822186856 1.0250998116
3.9723177005 1.1123905306
4.1037585667 1.0018791792
3.9103630277 0.8037267991
3.8785598617 1.0870961782
4.0536596521 1.0404695456
4.0085951973 1.0751946588
4.0252803505 0.9591985291
4.0769430178 1.0330532743
4.103909644 1.0479095224
3.8417314358 1.0960557225
4.2320799839 1.0117090872
4.0540094461 1.073242401
3.9219695594 1.0271112796
3.8736827088 0.7222640855
4.0131573968 0.8594439953
4.0359249157 0.8417505522
3.7884943985 1.1405365439
4.0547480572 0.9186205517
3.9914884398 0.9435698967
3.8798798481 1.0523261739
4.050232824 0.9137733
3.943842125 1.0207270747
3.8553578936 0.9547649724
3.8651575681 0.9598442456
4.0602707656 0.940535023
4.0625118656 0.9186404003
3.9675065042 0.928869364
3.977992422 1.1308668752
4.077416061 0.9225541031
3.9177171676 0.8509734612
3.9532506826 0.91375067
3.9667188235 1.0480424496
3.908034931 1.2642935721
3.981116522 0.9587728245
4.0246766024 1.1525957561
3.9413679975 0.9542359406
4.077083696 1.0243168215
4.0774728319 0.8191856074
4.1040086245 1.016464381
4.1171041065 0.9673439022
4.0414091354 0.9492765538
3.9051067189 1.0131911756
3.9530689264 1.0875695679
3.9476749057 1.1021224743
3.9879593361 0.852068402
3.8255812243 1.166060756
3.9396160447 0.8850445937
4.0610391764 1.0286012527
4.0665967146 0.7465445538
4.093610755 1.0809180297
4.0147434402 0.9022535123
4.0715938893 0.700538714
4.0192728997 1.0696438673
3.9233295146 0.8995677288
4.1761266127 1.0754095664
3.9344454971 1.0067516857
4.0886491539 0.9727868244
3.9675269735 0.9471130146
4.0498726958 0.926206822
4.0049857267 1.134803578
3.9001151204 0.9259863209
4.1318551018 0.9760703409
4.0013239768 0.9878055072
4.0548328131 1.0098667454
3.9144759543 1.1257219651
4.0238200192 1.0105232137
4.1355442703 0.9601851871
4.223201639 0.9895020299
3.8415526437 1.0844454307
3.8841796815 0.8380640017
4.0917221542 0.9942957132
4.0949405524 0.9836745051
4.0297514354 1.0044022276
4.1547031497 0.9939712466
4.1587761524 0.9356742398
4.0096004205 0.9954886696
3.8988225916 1.0084968137
4.075746833 0.9989943528
4.0623453609 1.0890671681
4.0477068092 0.9644048507
3.8883050446 0.996470326
4.1032989195 0.9076087984
4.0430771135 0.9850108408
4.0531974639 1.1260568845
4.0913201924 1.2211304333
3.943568209 1.022734595
3.9276071296 0.8880371766
3.9553163746 0.981624427
4.0156476257 0.9783656022
3.9747289328 0.9131137453
4.0165863523 1.1329141283
4.1936712462 0.8548094471
4.0990909174 0.9813290888
3.9053259589 1.1148350581
4.03191184 1.0307264781
4.0568007359 1.0082611032
-1.1485897179 -0.2832334151
1.2116542258 -2.7063742468
0.1206974505 -0.8530064711
-0.1027379451 -1.1972022823
-1.9256862358 0.2504576996
0.7887212284 -2.2764642317
-1.8695982338 -2.1084417237
2.4504865798 -1.4542583998
0.8389633845 -1.8585115207
-1.1305123067 -1.6238553018
-1.0075589366 -3.1418941144
0.2556206009 -0.780756753
-1.1654047978 0.2115802329
2.2001224342 -1.0731557811
-1.1797418205 -2.5779863657
-1.9555003233 -4.0454117339
0.1038998162 0.2031060551
0.2210175176 -1.9100137171
0.4810628149 -1.5115886838
1.5568105069 -0.2984027792
0.2582885612 -2.707638626
1.0642376239 -0.175567251
0.0541990271 0.7312156006
0.4021267442 -4.425077231
-0.4333357617 -0.76924519
-0.6671820383 -1.4679139408
0.9815731287 -1.8346971301
-0.7654086678 -3.4970075822
-1.8115939273 -1.8328696701
-1.7363284017 1.6446886152
-0.9291540966 -1.8232677341
-1.7416061978 -1.4737711701
-0.1188099735 -2.7607846039
-1.1511064712 -0.8540044761
0.592372905 -0.9155816088
-0.0262438905 -1.8254488079
0.0811610761 -2.0556261049
-0.5106506553 0.2063706712
-0.889040045 -2.2299493801
-0.3492497559 -0.835046906
0.8636018046 -1.7981031681
-0.8500620628 -1.5189350606
0.5366545049 -2.239345348
0.2068069671 -3.4790603693
-2.0678739009 0.6570472646
-0.3065649434 0.5229507632
-0.035827346 -1.6418049412
0.6152610282 -1.417680927
1.509293061 -4.0039619753
0.0665906705 0.2819107184
1.6686407605 -3.4696183306
1.4598932565 -1.9064186225
0.6711587777 -2.7764347092
1.5686206141 -2.0609292116
1.0479742033 -0.0603165883
0.7121591035 -1.4877773776
-1.1722744641 -2.2074959071
0.0942168302 -0.9986393002
-0.2499421237 0.389245485
-1.8766855618 -1.4776471552
1.5237177004 -2.3518250186
-0.0241549247 -0.5699720841
-0.9469226163 -1.4985018531
-1.8240471422 -0.9985755561
1.6111464126 -2.3879230236
0.1173009629 0.1818280992
-1.8395052641 -3.5543641969
-0.8446308432 -2.4249411609
0.4454070632 -2.6877870595
-0.7243445232 -0.6493685096
-2.296491205 -0.7037261081
-1.0639371121 -1.6768243975
0.8922642186 -1.24756876
0.7359914716 -1.8431509818
-1.4592918969 -1.331193716
0.1201912897 -2.070210127
-2.2289799259 -1.0408822359
0.2972476542 -2.7219351907
3.5149154901 -1.2325700123
-0.4265937295 -2.9369132348
1.7841389689 -1.4486643361
0.5800102221 -1.6483795511
0.3909595364 -1.3502765748
-1.6432693489 -2.4195931188
1.9519794748 -1.753725949
-1.9292118949 -0.9526036664
-0.0005007917 -1.0510138968
2.0477618967 -0.6578599535
2.0530038991 0.1972980513
-1.3001119923 -1.6567444752
1.563817154 -1.3457564198
0.4993195613 -1.7410890398
-0.9416248937 -1.9026967723
-0.7072640424 -0.9662623651
-0.3347779264 -0.8641994598
-1.6580940114 -1.6349325072
-1.6803074498 -1.2903838885
-1.9287841911 -2.6591446306
-1.0495950264 -2.3212818674
-1.1919086609 -1.9015459271
0.3027249367 1.2427214178
1.2959174606 -0.1869996103
-2.0216747507 -2.0993001132
1.5006837991 -1.7814456419
-0.0133627528 0.1128892496
1.2840870145 -2.2452992372
-1.0334586641 -2.1115141595
0.5679487139 -0.5953611797
-1.0188874472 0.4554000519
-2.5719696783 0.6563022271
1.7038367666 -2.6581279297
0.680469855 -0.3141113115
1.3242045201 -2.1903071938
0.9353526375 -1.279885624
-2.0013358715 -0.7943547015
-1.1810508027 -1.7253539064
0.7143603692 -0.1030178805
-1.1250112633 -1.8855107245
0.6080028312 -2.2466705661
0.7836447401 -1.7261388986
-0.0439167515 -1.6010679558
1.2145598278 -1.5529676626
-1.3126740681 -1.2530438355
-0.7294649355 -2.6199794883
-0.4530563029 -0.4744287255
0.2325980843 -0.1415938396
-0.3216117401 -2.0959298517
-0.0557773872 -2.0202651993
0.9203885407 -2.731208702
1.7797543536 -1.5600991698
0.2864178851 -1.6394669275
1.111925722 0.660555315
-0.5028983914 -1.0234725163
-1.1015811672 -2.2822277999
0.6598282408 -1.498920088
0.5860447085 -0.3408766578
0.3733493353 -2.794033309
0.9964632064 -2.1260358299
-3.2636152372 -2.8159220965
-1.7507288767 -1.2961464482
1.7972580328 -0.821679357
-0.7542690963 -2.0845097181
-0.515051156 0.1502705045
-1.0326116965 -3.4574634092
-0.1327086034 -2.0189183743
0.6895307008 -2.0877938626
0.1826123707 -1.9489515843
0.57716382 -2.2625165263
-0.8716389986 -1.706950316
2.310966885 0.8421132147
0.6150746777 -1.9309399141
-0.6568266892 -2.1609593109
0.1342468763 -2.3108437721
-2.4129387223 -1.9710807096
0.5962717738 -2.2980499418
-0.5440049186 -0.4287502166
2.2912111507 0.4966477493
-0.657704625 0.4837797991
-1.1221526513 -1.0418111885
-2.5038120346 -2.2089085835
-1.5556324659 -1.6116289733
-0.4821164906 -1.998277675
0.7612640078 0.455130924
-0.8517421201 -0.6544287351
0.1689727823 -0.931814086
1.1876153303 -0.796979033
-1.9436214785 -0.8128475794
-4.3107243179 5.3533488514
-4.024703094 4.8561130955
-4.3290774915 4.7217911216
-3.9693465019 5.1514984165
-3.8577976398 5.218152461
-4.0209569495 5.0750341721
-3.807336717 5.0776392702
-3.6566339394 4.9943698833
-4.0659318957 5.2702171715
-4.4385215027 4.5353611589
-3.8979926205 5.258905146
-3.8700643812 4.9369433559
-4.0850193323 5.2449604639
-3.6737361054 5.2217913599
-3.8553758174 4.9835335446
-4.4169343057 4.4138964312
-4.0098989441 4.5313956975
-3.7173057075 4.398462372
-4.075227003 4.9717812649
-3.8198184395 4.9960249196
-4.2672187549 4.7238120881
-4.099303181 5.1350866492
-4.2644341199 4.9264754733
-3.7799215395 5.6035592789
-3.9406440071 5.1806490469
-4.0180413657 4.7401493603
-4.2339769747 5.0267228608
-3.8347634158 5.178626947
-4.0057968376 5.3182144998
-3.9057922925 5.1118628027
-4.2455512422 5.2456518118
-4.0614881655 4.9477979488
-3.8633740027 5.0668717459
-4.2340839605 5.4362107247
-4.2160004294 5.3727481739
-3.8013983901 4.8977376768
-3.7806119138 4.8970294837
-4.055077229 5.0975596144
-4.0597840165 5.2008177414
-4.5741402114 4.3143501654
-3.9171280444 4.8124262232
-4.0769950406 4.9884570025
-4.2158721568 4.6308361863
-4.3294293881 5.1536800181
-4.0524470115 5.2039832018
-3.7982089844 5.0779497485
-3.5191409112 5.1396767573
-3.4907960557 4.8300190926
-3.688766561 5.04775753
-4.2739364613 4.9464629555
-4.1188556334 5.2253075913
-3.8581631032 4.8418725169
-4.2861413261 4.6506654638
-3.6693152306 4.7908780783
-4.2864828273 4.5588794795
-4.3322940703 5.0704931579
-3.696321847 4.5417104156
-4.1027476571 4.700170995
-4.0952386652 4.7293784086
-4.2900793265 4.4804805961
-3.7544938808 4.2939078801
-3.7648766519 5.5704020156
-4.1213056659 4.7794112845
-3.9933362007 5.1630360319
-4.0921395161 4.8652888576
-4.239310828 5.1408116676
-4.0448768505 5.3217908142
-3.6933368936 4.8747711631
-3.6259914577 5.2102040327
-3.7968262251 4.9904266773
-4.2513328778 5.2727565486
-3.9713764373 5.7012228984
-4.0171843599 4.565459941
-3.7521622875 4.9826730325
-4.2514933467 5.1684349729
-4.207305944 4.3383483935
-4.1025946833 4.8375921235
-3.6955786916 5.4320910923
-3.5455353118 5.4812978958
-4.3968199359 4.8655151603
-4.4787332834 4.9609330501
-4.2820469776 4.8810428783
-4.2916953754 4.9158656656
-3.6243994052 4.6565922106
-4.302372941 4.7972324918
-4.0986183078 5.1991895227
-4.3513571006 5.1775180926
-3.9611336438 4.5782098757
-4.3822958103 4.5793008401
-4.423246994 5.0494738188
-3.9178811651 4.5815479422
-4.3961576041 5.1497252827
-4.0580391648 5.3723897661
-4.2851553836 4.860801073
-3.4162715826 5.171284952
-4.1134534141 5.2558667292
-4.0672277101 5.5903189046
-4.1021680105 4.6090339752
-3.3762470006 4.7277602056
-3.5220179152 5.1706167197
-4.1181201135 5.0255757724
-3.9162410523 4.8868846381
-3.9595938213 4.7996830427
-4.8432004165 4.9548039086
-4.4735590558 5.0731869872
-3.7101082663 5.0630694317
-3.8223552728 4.7640594755
-4.0203835361 5.7080685757
-3.7002550449 4.7101810445
-3.9092316993 5.3277016628
-4.15188206 4.8531552744
-4.1030253592 4.7458369466
-3.7311498419 4.9275040512
-4.2824637026 5.076414661
-3.9011432674 4.8722552401
-4.1161940312 4.8957246461
-4.6253296406 4.9979187676
-4.0198345678 4.873250385
-4.3990583237 5.4520402187
-3.6649028322 4.9179332666
-3.4565482886 4.7392767242
-3.9807927406 5.2115243305
-4.098490332 4.6726901068
-3.9580520207 5.5216571624
-4.2880316698 4.7649502208
-4.1766439599 4.9501540593
-4.3746846799 4.900928632
-4.0568637005 5.1284084321
-4.2727096979 4.9564489267
-4.1703301725 4.8226520993
-4.0858954842 4.8845846444
-3.6575056164 5.3822465083
-3.8835133558 5.3347929584
-4.2995453935 4.7941341458
-3.9897430698 4.7655546023
-4.0630001617 5.3156460431
-4.0977328974 4.6542752813
-3.7457774934 4.9403840461
-3.7334817671 4.8450537674
-4.4000026837 5.1103352033
-3.9006722736 4.9190356599
-4.1318750651 4.5690375922
-4.0480858661 5.0007059794
-3.6610829923 5.1047010686
-3.8435517276 5.324284001
-3.1355617861 4.8218414254
-3.9663076935 5.1177122983
-3.626216123 4.5690078006
-3.777114707 5.253196674
-3.6069410448 5.02743105
-4.0087883211 4.9122983972
-4.4840269035 5.1393927197
-4.5331130819 5.0388478508
-4.212654946 5.4354584051
-4.0716328951 4.6912661095
-3.9004928963 4.950311365
-3.5316704329 4.6605382274
-4.3791182866 5.499514822
-4.3277622443 5.0372354863
-4.555702797 4.7860019029
-4.2627045482 5.1841943925
-4.1331880027 5.1254610046
-4.6139179409 4.4570929422
-3.9178127269 4.6020864523
-3.6471819171 4.924723281
-4.0312146432 5.2643674839
-3.5809452737 4.8701518194
5.0369245787 -4.2566365623
5.6451776442 -4.1058798098
5.5454178685 -3.704322367
5.2761883141 -3.9210117249
4.6146511226 -3.9687952852
4.5563731151 -4.7436703079
3.7971349945 -4.1643936194
4.5729421613 -4.4751009331
4.5648790578 -3.1613811307
5.0452407206 -3.97540166
5.0844287794 -4.0053514845
5.5255607323 -4.3864783208
4.0089747051 -4.2954045746
5.361669522 -3.9969118165
4.7263534628 -3.905308115
4.7028312242 -3.6538935708
4.0237973346 -3.4340656909
4.8277195093 -3.6880068936
4.5907429766 -4.3040808869
5.1236454094 -3.4929280265
4.1947950536 -3.3180578943
4.6086572121 -3.976541238
4.8153567763 -4.3908158749
5.3804281026 -3.6665041646
4.9545893427 -4.2880616652
5.0035678232 -3.4154046981
4.1753566609 -3.4637140657
4.9187221965 -4.1605775129
5.2168680223 -4.3160913332
3.9343994051 -4.6534736667
4.855471217 -3.2908538517
5.1108516572 -4.6256865968
5.1759240804 -3.2476681216
5.2195359961 -2.9552063482
4.9282921566 -4.7801837036
5.4079687739 -3.4038553528
5.1650110559 -3.6814059916
5.3905717909 -3.8438521517
5.4250464901 -3.6637598808
4.2427944867 -4.2341465541
5.8031578703 -4.2151564967
3.5875342392 -3.7654067893
5.0147723912 -4.2069919701
5.0851606321 -3.5827317667
5.5562920438 -3.1703898323
4.289912582 -4.1052382311
4.7482105807 -4.1705173893
4.7149685168 -3.622607221
5.1023204469 -3.4957956608
5.4612205344 -3.9321275066
5.2022758114 -4.3962602591
4.7850971012 -3.7790506104
5.2739264867 -3.9474483609
4.1932506081 -3.1625613313
4.9634233975 -3.58514663
6.0806795807 -3.408971714
4.3379187486 -3.2034804208
4.9315831261 -4.0911905047
4.1199490167 -4.4920347226
4.7588736875 -3.3728151967
5.0125914413 -4.2260911363
4.8915283524 -3.8453490566
5.1519032413 -4.307792219
4.7027061026 -3.4647073625
4.353844392 -4.0144031986
4.8084239705 -4.1917570388
4.6964027611 -4.5323247553
5.3475362729 -4.495653339
5.081012844 -3.2095981709
4.3890935475 -4.0635920262
6.3519309255 -3.1339662567
4.6632802266 -3.6651698818
4.7843104156 -3.0866311056
5.0972247163 -4.5488762701
4.9144107394 -3.7844009706
4.7622472887 -3.8349520726
4.4728815783 -4.6643459536
5.1069414705 -4.3517424762
4.7558358936 -4.0257975425
3.8748962733 -4.2289883509
4.6875023707 -3.6326347609
5.7861699587 -3.8324533569
4.7737823047 -3.6580053099
4.4151545883 -3.8533155923
4.3072063572 -3.0169900744
4.4608290762 -3.7854488242
4.8906920789 -4.2309855933
5.1947401494 -3.399386254
5.3808923544 -3.0083309619
4.2065956938 -3.7513750019
4.5511317261 -4.6669017754
4.7992782517 -4.0056754557
4.9465634038 -4.0948034128
4.9092009004 -4.114006959
5.5861203475 -4.6889102324
4.9587859827 -4.6146937676
5.3609718946 -4.1113875801
4.3691087883 -2.6476506274
4.6963830163 -4.6920686664
5.3386770706 -3.959314599
5.7259523418 -3.3885568059
4.6116035047 -4.0025176639
4.4016850694 -2.6716863023
4.7458787477 -3.7868091749
5.1038880031 -3.5104990886
5.5833918214 -3.275724535
5.3597279548 -3.7065181313
4.4014019295 -4.7708874996
5.1762041643 -3.5954381575
4.7765011348 -3.9672611353
5.3233471943 -4.4176845276
5.2875412017 -4.5711795715
4.6232677611 -4.417517054
4.96634124 -3.6231304418
5.0271850546 -4.1870671798
4.1442912636 -3.8736972922
5.3789663911 -3.539539423
4.865894673 -3.9434160591
4.5902046221 -4.7491288185
4.7307842261 -3.8843127002
5.8906169641 -4.3573944517
4.6657173245 -4.3049003937
4.6341720359 -4.3198108413
4.5132750608 -4.1022097671
4.4970939231 -4.5254840286
5.3234791022 -3.5522938993
5.5231728871 -3.9871078172
4.3651793921 -3.2902317202
5.4625470476 -3.1987148528
5.5077185072 -3.9078776646
4.2364491826 -3.7002310744
4.7379772584 -3.0746292762
5.318941566 -3.0412760122
5.3677100671 -3.9841992116
4.7693265754 -4.3484121059
5.5209987658 -3.9080159281
4.0434252713 -4.109942879
5.9933781008 -3.7120337789
5.2268172896 -3.1828392133
4.947478691 -4.3054350346
5.4131096571 -4.337800573
5.1789039918 -3.6322778241
4.0991897873 -4.1941743247
4.6997539507 -3.6171939508
5.0748473619 -4.4928166452
5.4166765295 -4.0017323519
4.9723136181 -4.4022197829
5.5822480171 -4.4960077001
4.598248749 -4.1474852352
5.4593663581 -4.6762287254
4.7720547936 -4.3864392902
6.2981368726 -3.1526728841
4.1086343625 -4.0258136168
4.6968694349 -4.8073938814
5.0785964567 -3.3119925199
4.9077720287 -4.8581967657
4.0983922902 -4.8531126267
5.3310251195 -4.0346126807
4.9682878094 -3.5644913302
5.0939965556 -4.6827435337
5.3798175332 -3.7426557495
4.7333377169 -3.498069211
5.0727806714 -3.1426897938
4.4223152433 -2.7594767512
5.4581393141 -3.6280915879
4.7218118858 -3.7625459202
5.6290813918 -4.6576960169
3.2891276624 6.244930625
2.756384273 6.2260891425
3.0786336684 6.5462866789
2.6882251171 6.1169838888
3.4786066507 6.1303303429
3.0142028567 6.1972097723
3.043613621 6.0760944165
3.1482084247 6.1266447063
2.3428664699 5.4718116281
3.253948628 5.8145684249
2.8309963552 5.7300256626
3.2681111976 6.0884978618
2.7043050062 5.8316962457
3.3258807084 6.5096049071
3.4441242106 5.7548720855
2.8771958877 6.0504786947
2.6430335991 5.985682961
2.7065923929 5.9013259279
2.8965480087 5.7836876249
3.4486375933 6.362112861
2.8596250292 5.829504751
2.9252494594 6.4431113896
2.503235152 5.5551034603
2.9249056084 6.1929475732
3.3706228969 6.3170005465
3.0608608799 6.1126327381
2.9709098374 5.9564641641
2.7396829972 5.966067335
2.9132294495 5.9136549938
3.2241581948 6.4917722046
3.1416571022 6.4362893156
2.9503203824 6.3612774452
3.334029089 6.06954816
2.6955126489 6.0075286118
3.3053637914 6.291459051
3.0001063789 5.9805921022
3.0834549653 5.484633085
2.7048800654 6.3259177034
3.7174066848 6.3214522358
3.12229436 6.1760575843
3.3326769934 6.1182044225
3.1675547789 5.910507415
2.5186595226 5.760592359
2.6232080724 5.8298215997
2.9422951579 5.9448437934
2.8931811703 5.9031850817
3.0989346278 5.8108495794
3.2048166695 6.0205455679
2.5531525707 6.4182142592
3.4076610793 6.140280439
2.9186768441 5.8392581083
2.8636535936 6.2178289585
2.8696356559 6.0076481285
2.706153572 5.780715606
2.9856868287 5.6701959411
3.1566217111 6.2160065984
2.872848728 5.7343487236
2.9960646996 6.1005974495
2.9959334671 6.2185114892
2.2728942156 5.8228453742
2.8876707234 6.1926580911
3.2117822598 6.3599288259
2.4678707692 5.6077859156
2.8942217428 5.9892660303
2.5032243999 5.9957414494
3.3334440278 5.9270336799
3.2661822273 5.8113208716
2.9948064931 6.0439709933
2.4903684267 6.0484691313
3.0708776489 5.671236512
2.8271117933 6.3016027163
3.3762153896 6.1307192674
3.6894593439 6.3172032614
3.6258381294 6.0254774093
3.4833851133 6.0913713592
2.8270443193 5.6353249396
3.3285896858 5.8199000119
2.5050357353 6.061803156
3.3298508192 5.9462779336
2.9752934982 5.8354212273
2.661368478 6.3336392181
2.5591519953 6.1583182554
2.9212580738 5.5745742687
2.7042096965 6.4477592781
2.8654333898 5.458040539
3.554534378 6.0337105309
2.6612604966 5.8044110239
3.3180793923 6.5125564811
2.7420341781 6.139286668
3.1340187005 5.5772833014
3.0212609774 5.7910937279
2.9221571543 5.9480645653
3.2514659661 6.2510369859
3.0336386816 5.9458516359
3.1872853803 5.8994560023
3.2681615464 5.7686345366
2.920451791 6.2985242687
2.7538755999 5.5996893487
2.5210930727 6.3609156725
3.1654812857 6.1772053992
3.1772341874 6.8101065277
3.1090679006 5.9272988653
3.0347064612 6.03062662
3.2233244468 6.0495042753
3.1651101644 6.6858110988
2.4344369214 5.9611191786
3.5075368822 5.7115654773
2.3396407129 5.932900336
3.5102701626 6.1650249892
3.1401407254 5.9590338049
3.8290691913 5.7445945302
3.4233176205 6.6283723969
2.9530132199 5.775028033
2.6973352268 6.3885574834
2.8536026498 6.6640593906
2.6572939404 6.2151929089
3.0446212024 5.9992021863
2.5027220733 6.317732406
3.5527568804 6.3355882244
2.6779913483 5.8862962549
3.2304760592 6.0777962439
3.5189278329 6.2888702532
3.1841608105 5.908877089
3.0888152156 5.5403510293
3.0582443973 6.232054044
3.128935863 5.6621058316
2.8884707114 6.027186978
3.6258802369 6.09486256
3.1512202498 5.9315410175
3.0076040945 5.994777654
2.7109071343 6.3365142413
2.577369599 5.8019285699
2.7428660521 5.9478171983
3.1295582473 6.3734233601
2.7030747312 5.8279080735
3.2959422717 6.384158139
2.695215112 5.7843987885
3.2096661883 5.806474018
2.8800553141 5.9789790004
3.2564243781 5.9467259152
3.0163322184 6.3011922167
2.5545652714 6.1101153519
2.9867405897 6.2559966439
3.1431081993 6.3721562973
2.5634009371 6.1586902936
3.4229484881 6.1951014557
3.4756896864 6.1214287903
2.2609333228 6.4125245774
2.5792893405 5.5138652672
3.2047529823 6.1847762853
2.901437816 6.0130033847
3.1948275636 6.017023152
2.887653755 5.8908964004
2.8574863891 6.1906619351
3.5611045696 6.0700998029
3.36349212 6.2224935388
3.1899058822 5.578941537
3.134276739 5.7029785967
3.1932973612 6.2784565694
2.5922560475 6.4741148422
3.5339845642 5.4319053459
2.5858125729 5.7990184562
2.3910038216 6.7616594417
2.821109371 6.1325655199
2.9683711785 6.2329597038
3.0966338334 5.7699136675
3.2572096583 6.7773436951
