0 inf 0.130093
22 0.130093 0.107901
17 0.107901 0.157941
141 0.107901 0.153040
156 0.107901 0.112631
160 0.107901 0.120184
59 0.112631 0.089273
14 0.089273 0.052240
19 0.052240 0.054321
42 0.052240 0.063111
72 0.052240 0.052338
83 0.052240 0.049184
27 0.049184 0.050627
34 0.049184 0.061810
118 0.049184 0.048452
75 0.048452 0.050529
161 0.048452 0.045877
53 0.045877 0.043592
6 0.043592 0.035724
103 0.035724 0.045294
113 0.035724 0.036161
157 0.035724 0.051724
165 0.035724 0.045294
123 0.045294 0.051805
45 0.047779 0.047974
63 0.047974 0.057698
110 0.047974 0.052098
164 0.047974 0.069082
81 0.050529 0.058281
87 0.050529 0.050529
85 0.050529 0.052904
138 0.050529 0.066134
166 0.050529 0.057539
84 0.050627 0.064720
151 0.050627 0.065906
11 0.051805 0.053216
100 0.051805 0.051805
131 0.051805 0.051738
78 0.051738 0.052752
149 0.051738 0.035741
124 0.052752 0.077281
56 0.052904 0.067662
62 0.052904 0.061174
73 0.054281 0.062807
89 0.054623 0.062214
7 0.057539 0.063570
18 0.061174 0.061174
128 0.061174 0.069291
129 0.061174 0.057939
39 0.057939 0.063880
109 0.057939 0.062027
136 0.060387 0.063230
31 0.061174 0.058921
79 0.058921 0.059110
105 0.058921 0.058921
1 0.058921 0.072011
16 0.058921 0.081186
90 0.058921 0.075358
142 0.059110 0.069914
119 0.062145 0.081206
55 0.062214 0.073009
162 0.062532 0.076509
2 0.063570 0.093577
3 0.063570 0.091567
26 0.063757 0.076337
23 0.065906 0.083699
65 0.069082 0.051735
40 0.051735 0.045217
43 0.045217 0.045217
69 0.045217 0.048181
107 0.045217 0.035306
12 0.035306 0.049424
48 0.035306 0.054975
117 0.035306 0.041782
121 0.035306 0.032044
126 0.032044 0.046786
133 0.032044 0.047875
154 0.032044 0.047997
158 0.035671 0.053706
58 0.044698 0.061491
25 0.048181 0.064329
144 0.048181 0.054975
152 0.049790 0.077405
159 0.053631 0.062467
44 0.056762 0.064522
115 0.059246 0.059246
92 0.059246 0.046308
15 0.046308 0.051960
80 0.046308 0.051960
88 0.046308 0.043888
9 0.043888 0.042203
36 0.042203 0.051936
61 0.042203 0.051656
86 0.042203 0.048839
146 0.046308 0.059804
13 0.048839 0.058457
101 0.048839 0.053444
64 0.051960 0.065232
145 0.051960 0.071380
70 0.053444 0.064120
71 0.053444 0.094504
134 0.053444 0.099466
104 0.059246 0.060161
143 0.059246 0.080855
99 0.060161 0.069258
10 0.062467 0.083014
153 0.062467 0.069775
8 0.064120 0.102651
132 0.064120 0.073013
52 0.064522 0.104396
98 0.064522 0.079068
125 0.068970 0.073708
30 0.069291 0.106542
50 0.071225 0.071225
35 0.071225 0.056949
29 0.056949 0.072164
33 0.056949 0.062546
51 0.056949 0.066200
57 0.056949 0.048355
24 0.048355 0.047728
74 0.047728 0.066503
108 0.047728 0.085554
127 0.047728 0.060200
135 0.047728 0.063759
66 0.048355 0.078215
148 0.071380 0.085187
96 0.072467 0.089541
5 0.073708 0.076228
28 0.073708 0.073708
38 0.073708 0.082959
76 0.073708 0.084542
82 0.073708 0.084044
120 0.073708 0.079364
41 0.076228 0.088503
155 0.076228 0.106680
68 0.079699 0.104349
139 0.083166 0.105149
95 0.083699 0.134248
46 0.083879 0.101423
49 0.084044 0.145481
37 0.085187 0.113119
140 0.085187 0.089667
102 0.087533 0.114816
77 0.089667 0.100688
122 0.089667 0.135317
47 0.091567 0.109529
150 0.094668 0.133051
116 0.100688 0.124470
32 0.106542 0.162102
94 0.106680 0.130371
106 0.108337 0.137871
147 0.115009 0.152858
67 0.116837 0.134741
112 0.130093 0.153964
114 0.133051 0.140955
130 0.134741 0.187728
4 0.137871 0.201774
163 0.140188 0.140188
20 0.140188 0.206908
21 0.140188 0.166671
91 0.140188 0.177929
60 0.145481 0.166853
93 0.147442 0.199985
111 0.175430 0.202376
54 0.187728 0.234429
97 0.201774 0.237422
137 0.237422 0.332164
472 1.646076 1.563270
340 1.563270 0.553874
362 0.553874 0.361137
393 0.361137 0.347888
365 0.347888 0.231497
429 0.231497 0.345264
430 0.231497 0.325289
473 0.231497 0.306470
494 0.231497 0.338325
397 0.306470 0.325289
408 0.306470 0.316275
456 0.316275 0.413139
419 0.325289 0.387141
448 0.325289 0.335556
500 0.325289 0.369357
404 0.335556 0.556902
410 0.335556 0.407137
423 0.338325 0.267648
343 0.267648 0.261713
396 0.261713 0.281408
405 0.261713 0.213287
364 0.213287 0.270257
449 0.213287 0.176526
433 0.176526 0.263046
451 0.176526 0.217440
482 0.213287 0.221627
426 0.217440 0.250286
375 0.221627 0.299434
440 0.243843 0.228119
372 0.228119 0.218876
401 0.218876 0.323970
432 0.218876 0.229686
467 0.218876 0.293923
475 0.218876 0.285487
390 0.228119 0.306579
485 0.242245 0.341464
359 0.281408 0.448395
495 0.285487 0.426906
348 0.287811 0.452231
457 0.323970 0.452231
460 0.341464 0.400502
436 0.361137 0.495760
369 0.400502 0.242639
380 0.242639 0.376902
454 0.242639 0.408127
461 0.242639 0.248828
478 0.242639 0.258049
480 0.242639 0.248828
370 0.248828 0.216997
351 0.216997 0.278339
409 0.216997 0.241044
486 0.241044 0.395583
464 0.278339 0.307506
352 0.307506 0.230225
381 0.230225 0.234210
415 0.230225 0.217976
389 0.217976 0.248850
425 0.217976 0.257741
453 0.217976 0.225744
468 0.217976 0.258764
342 0.225744 0.235313
360 0.225744 0.291719
374 0.225744 0.281800
407 0.225744 0.245727
416 0.230225 0.349393
484 0.235313 0.265253
479 0.249016 0.215265
339 0.215265 0.254785
376 0.215265 0.254785
452 0.215265 0.183158
481 0.183158 0.212017
488 0.183158 0.230011
471 0.256487 0.311370
406 0.300230 0.444008
447 0.305015 0.390551
439 0.311370 0.356804
446 0.333984 0.333984
385 0.333984 0.430251
387 0.333984 0.329747
394 0.329747 0.355337
398 0.329747 0.356804
437 0.329747 0.437139
444 0.355337 0.602476
455 0.365588 0.428092
337 0.408127 0.408127
391 0.408127 0.279676
336 0.279676 0.317948
345 0.279676 0.362739
420 0.279676 0.372340
498 0.279676 0.379813
395 0.317948 0.427851
368 0.362739 0.475808
441 0.363208 0.513652
428 0.382937 0.386216
358 0.386216 0.314732
373 0.314732 0.381303
403 0.314732 0.322802
458 0.314732 0.407322
466 0.314732 0.434732
427 0.322802 0.381303
489 0.322802 0.450563
497 0.322802 0.433874
492 0.413139 0.472427
354 0.415731 0.415731
366 0.415731 0.516221
402 0.415731 0.417918
411 0.415731 0.417867
470 0.415731 0.493281
386 0.417867 0.418563
462 0.418563 0.540997
424 0.428092 0.563124
367 0.430507 0.473288
414 0.437139 0.560401
463 0.437139 0.471432
418 0.452146 0.515232
413 0.452231 0.660962
335 0.466730 0.510887
334 0.475294 0.621850
417 0.489843 0.516548
487 0.495760 0.728728
493 0.495760 0.787763
459 0.499430 0.454879
350 0.454879 0.399815
383 0.399815 0.444236
392 0.399815 0.363789
371 0.363789 0.505998
379 0.363789 0.427033
438 0.363789 0.363789
476 0.363789 0.503079
399 0.363789 0.421769
491 0.418577 0.418577
442 0.418577 0.715518
356 0.427033 0.553000
469 0.454879 0.505960
445 0.479949 0.446622
355 0.446622 0.505960
388 0.446622 0.540456
450 0.446622 0.483304
435 0.505960 0.619519
353 0.507658 0.608476
431 0.516548 0.753426
499 0.538761 0.619519
496 0.560116 0.699695
347 0.560401 0.643291
434 0.568686 0.996857
474 0.573717 0.610143
346 0.576066 0.654775
341 0.581541 0.892434
344 0.589609 0.616066
421 0.608476 0.841073
361 0.616066 0.972381
477 0.616066 0.890661
465 0.699695 0.867296
422 0.701375 0.855174
377 0.704981 0.826464
338 0.761275 0.942712
384 0.812253 1.083222
483 0.855174 1.431384
490 0.855174 1.190622
400 0.890661 1.075627
378 0.942712 1.068192
443 0.942712 1.475196
357 0.965970 1.631298
363 1.068192 1.542645
349 1.075627 1.386525
382 1.083222 1.402394
412 1.087269 1.652906
170 1.431384 0.149869
180 0.149869 0.061065
175 0.061065 0.028256
173 0.028256 0.019981
218 0.019981 0.034276
220 0.019981 0.019639
226 0.019639 0.021456
314 0.019639 0.017194
190 0.017194 0.022124
279 0.017194 0.021456
318 0.017194 0.019530
203 0.017411 0.017631
206 0.017631 0.020434
250 0.017631 0.022038
259 0.020434 0.026129
293 0.020434 0.029656
323 0.020954 0.025854
178 0.024120 0.035111
221 0.025999 0.026129
227 0.026129 0.028425
237 0.026129 0.027688
269 0.026129 0.030870
193 0.027688 0.028425
235 0.027688 0.030194
229 0.028425 0.026569
195 0.026569 0.026296
216 0.026296 0.023262
273 0.023262 0.036424
295 0.023262 0.024222
325 0.023262 0.032665
271 0.023299 0.025522
256 0.024222 0.034763
264 0.024222 0.030554
300 0.028425 0.031971
313 0.028425 0.022034
303 0.022034 0.021576
189 0.021576 0.023481
198 0.021576 0.019688
213 0.019688 0.018720
301 0.018720 0.023571
310 0.018720 0.022034
333 0.018720 0.021091
332 0.019688 0.023831
285 0.020045 0.020045
242 0.020045 0.024528
245 0.020045 0.031745
274 0.020045 0.026531
315 0.021091 0.024558
196 0.021319 0.021534
199 0.021534 0.024374
320 0.021534 0.023529
326 0.021534 0.021534
168 0.021534 0.023789
244 0.021534 0.023023
197 0.023023 0.020853
278 0.020853 0.022213
317 0.020853 0.023023
262 0.022213 0.024845
209 0.023481 0.024336
201 0.024336 0.027128
183 0.024558 0.021481
239 0.021481 0.020228
172 0.020228 0.032748
276 0.020228 0.028047
308 0.020228 0.016652
309 0.016652 0.020228
330 0.016652 0.021074
294 0.020228 0.028971
277 0.022805 0.028971
296 0.024573 0.024573
255 0.024573 0.023007
258 0.023007 0.028582
263 0.023007 0.022009
266 0.022009 0.027785
167 0.024463 0.032165
243 0.027128 0.027915
290 0.027128 0.034495
169 0.027915 0.030870
191 0.027915 0.032186
219 0.027915 0.034411
299 0.028971 0.030497
304 0.028971 0.035987
319 0.029888 0.042253
186 0.030497 0.034936
231 0.030497 0.036681
311 0.030497 0.036091
268 0.030554 0.033112
327 0.030554 0.041462
192 0.030870 0.029399
194 0.029399 0.034003
238 0.029399 0.031410
280 0.029399 0.031410
281 0.029399 0.037427
222 0.031410 0.040810
265 0.031410 0.038648
246 0.031445 0.032748
174 0.031773 0.035987
249 0.032085 0.032186
200 0.032186 0.031116
224 0.031116 0.035556
225 0.031116 0.032455
316 0.031116 0.032310
287 0.032310 0.034578
215 0.032429 0.039882
204 0.032748 0.043565
210 0.033112 0.022609
187 0.022609 0.016526
205 0.016526 0.016822
217 0.016526 0.016967
291 0.016526 0.012298
324 0.012298 0.016206
284 0.016206 0.027619
182 0.029685 0.035673
298 0.031027 0.036878
261 0.033846 0.043847
177 0.034003 0.037427
331 0.034003 0.038547
321 0.034421 0.037248
207 0.034578 0.045188
181 0.034936 0.048331
223 0.034936 0.043394
302 0.034939 0.043367
232 0.035128 0.043367
214 0.035673 0.045079
267 0.035673 0.040502
312 0.035987 0.046233
236 0.036091 0.039619
208 0.036681 0.048086
188 0.037248 0.033602
233 0.033602 0.042385
272 0.033602 0.038958
297 0.033602 0.031996
328 0.031996 0.034273
288 0.037312 0.041462
241 0.037427 0.038547
257 0.037697 0.047748
184 0.038547 0.049734
247 0.038547 0.066309
306 0.038547 0.070273
305 0.039619 0.058402
307 0.040449 0.047395
176 0.041365 0.056720
211 0.041462 0.028915
212 0.028915 0.037309
230 0.028915 0.039596
234 0.028915 0.042737
252 0.028915 0.026255
282 0.026255 0.040748
253 0.028834 0.045685
171 0.040748 0.052094
248 0.043615 0.067728
260 0.043847 0.053211
202 0.044130 0.074398
179 0.046233 0.068013
275 0.047280 0.080073
228 0.047395 0.069348
240 0.047395 0.056690
292 0.048086 0.078220
185 0.050725 0.057989
283 0.058850 0.083163
329 0.068013 0.104666
254 0.069374 0.104727
286 0.080073 0.124908
322 0.082439 0.112173
251 0.089340 0.140351
270 0.097230 0.141844
289 0.118792 0.169310
765 1.652906 0.549768
676 0.549768 0.286946
724 0.286946 0.230832
688 0.230832 0.206635
684 0.206635 0.366197
694 0.206635 0.289352
721 0.206635 0.301684
795 0.206635 0.257155
752 0.230832 0.295371
727 0.286946 0.251428
693 0.251428 0.153204
687 0.153204 0.117493
711 0.117493 0.106031
716 0.106031 0.127337
772 0.106031 0.138228
776 0.106031 0.115199
809 0.106031 0.149906
704 0.115199 0.192964
755 0.117493 0.152880
826 0.118288 0.150612
722 0.121761 0.165154
781 0.125499 0.169425
700 0.152880 0.152880
822 0.152880 0.169403
736 0.152880 0.219896
806 0.152880 0.196596
830 0.152880 0.238091
793 0.153464 0.154527
691 0.154527 0.126973
706 0.126973 0.127022
774 0.126973 0.140755
784 0.126973 0.138749
828 0.126973 0.138778
832 0.126973 0.125839
670 0.125839 0.185703
703 0.138749 0.217234
705 0.138778 0.137975
671 0.137975 0.126144
681 0.126144 0.100725
720 0.100725 0.104201
767 0.100725 0.075686
801 0.075686 0.100727
825 0.075686 0.091746
813 0.088787 0.091746
764 0.091746 0.153699
717 0.091746 0.107031
794 0.107031 0.155490
797 0.107031 0.133501
803 0.107031 0.145355
685 0.169425 0.129509
683 0.129509 0.071070
715 0.071070 0.068645
739 0.068645 0.110734
748 0.068645 0.089933
750 0.068645 0.089933
811 0.068645 0.084533
833 0.110298 0.113614
719 0.113614 0.118448
743 0.113614 0.082932
682 0.082932 0.124044
771 0.082932 0.120097
787 0.082932 0.118448
777 0.118448 0.094713
746 0.094713 0.143686
759 0.094713 0.139357
785 0.094713 0.144651
829 0.123768 0.142158
729 0.125392 0.156974
672 0.128484 0.152258
742 0.129424 0.166252
689 0.137574 0.155202
731 0.142158 0.168614
714 0.144921 0.157683
769 0.146099 0.146099
791 0.146099 0.167561
816 0.146099 0.171261
761 0.154333 0.127283
695 0.127283 0.106677
710 0.106677 0.106677
725 0.106677 0.142585
754 0.106677 0.118434
760 0.106677 0.131296
668 0.106677 0.101891
692 0.101891 0.100967
728 0.100967 0.102641
807 0.100967 0.102641
782 0.101891 0.122525
814 0.102641 0.157371
733 0.114621 0.159003
745 0.118100 0.143780
730 0.125845 0.161502
696 0.143780 0.189511
718 0.143780 0.159879
812 0.144679 0.159879
677 0.154900 0.194212
690 0.157309 0.172550
789 0.157683 0.134001
686 0.134001 0.171944
780 0.134001 0.136123
790 0.134001 0.153137
802 0.134001 0.161460
818 0.134001 0.153137
675 0.136123 0.171944
734 0.136123 0.184864
778 0.159879 0.157616
735 0.157616 0.208835
779 0.157616 0.194594
808 0.157616 0.218789
699 0.159879 0.184906
741 0.159879 0.185276
678 0.164343 0.198147
792 0.166062 0.199426
737 0.167561 0.224705
763 0.168298 0.168298
702 0.168298 0.239160
827 0.168298 0.192230
669 0.170270 0.251116
732 0.182011 0.245475
766 0.184864 0.159744
673 0.159744 0.154272
744 0.154272 0.144751
758 0.144751 0.151390
775 0.144751 0.263400
786 0.144751 0.144751
821 0.144751 0.216935
698 0.193508 0.231435
800 0.196596 0.251101
817 0.201393 0.218127
679 0.204607 0.290303
823 0.216935 0.268857
773 0.217234 0.333748
796 0.217234 0.213095
712 0.213095 0.276372
756 0.213095 0.238806
762 0.218127 0.308436
815 0.218127 0.231597
834 0.218127 0.324847
713 0.223383 0.210440
707 0.210440 0.241711
810 0.210440 0.210440
820 0.210440 0.245475
680 0.210440 0.241711
804 0.210440 0.234893
751 0.224705 0.230509
747 0.226979 0.309699
701 0.227749 0.289662
753 0.230509 0.241598
740 0.231435 0.293867
757 0.232139 0.289352
798 0.235309 0.244280
726 0.241711 0.359506
783 0.244280 0.256877
799 0.246085 0.341651
674 0.249078 0.340934
708 0.251116 0.361106
749 0.272725 0.305099
768 0.276372 0.355314
831 0.295371 0.446053
805 0.305099 0.511421
824 0.313968 0.470876
788 0.338090 0.398223
723 0.355314 0.514830
770 0.357996 0.524839
697 0.359506 0.481536
709 0.450692 0.571438
738 0.514830 0.781504
819 0.514830 0.725260
501 inf 0.127905
531 0.127905 0.124476
544 0.124476 0.082821
575 0.082821 0.097092
587 0.082821 0.100276
592 0.082821 0.101766
640 0.082821 0.082821
661 0.082821 0.088904
556 0.082821 0.093350
590 0.082821 0.103847
605 0.082821 0.108854
566 0.088904 0.105026
652 0.088907 0.111887
571 0.089289 0.106050
614 0.090420 0.090420
527 0.090420 0.095655
659 0.090420 0.097761
550 0.095655 0.086393
523 0.086393 0.068866
582 0.068866 0.075982
583 0.068866 0.055452
594 0.055452 0.068866
629 0.055452 0.080241
585 0.068866 0.081403
634 0.068866 0.078139
503 0.078139 0.083081
521 0.078139 0.081403
625 0.078139 0.095894
553 0.081403 0.114300
627 0.084323 0.110560
626 0.090927 0.096272
601 0.096272 0.095687
519 0.095687 0.086388
532 0.086388 0.067762
542 0.067762 0.100677
631 0.067762 0.067492
502 0.067492 0.080063
565 0.067492 0.068058
577 0.067492 0.061116
563 0.061116 0.079832
611 0.061116 0.073089
616 0.061116 0.075527
618 0.067492 0.085395
643 0.067762 0.079124
651 0.067762 0.089176
630 0.069364 0.090941
506 0.079124 0.092235
559 0.079832 0.056781
558 0.056781 0.046169
612 0.046169 0.073287
623 0.046169 0.063762
637 0.046169 0.075145
655 0.046169 0.062956
598 0.063762 0.091139
526 0.072537 0.085174
603 0.085174 0.093184
635 0.085174 0.110565
642 0.091139 0.114746
538 0.092235 0.089995
522 0.089995 0.076696
539 0.076696 0.069671
509 0.069671 0.055706
513 0.055706 0.050847
551 0.050847 0.069410
586 0.050847 0.058587
596 0.050847 0.076882
545 0.052346 0.067593
567 0.055706 0.059026
636 0.055706 0.060331
666 0.055706 0.060331
529 0.059026 0.076941
593 0.059026 0.111303
564 0.071908 0.071908
504 0.071908 0.074901
525 0.071908 0.077112
622 0.071908 0.073039
647 0.071908 0.069339
530 0.069339 0.097481
628 0.072352 0.072468
662 0.076381 0.100870
511 0.089124 0.089124
505 0.089124 0.107083
610 0.089124 0.121023
633 0.089124 0.123402
645 0.089124 0.107083
541 0.093184 0.086429
552 0.086429 0.085657
536 0.085657 0.079644
512 0.079644 0.071767
515 0.071767 0.078815
602 0.071767 0.073479
615 0.071767 0.071767
641 0.071767 0.078815
656 0.071767 0.078059
520 0.077558 0.082563
570 0.078815 0.087534
537 0.079644 0.090069
613 0.079644 0.066935
568 0.066935 0.083994
574 0.066935 0.090245
620 0.066935 0.083933
638 0.066935 0.071486
639 0.082483 0.085955
507 0.082563 0.098314
533 0.083165 0.083721
546 0.083721 0.089349
508 0.083933 0.087058
665 0.083933 0.085822
607 0.085657 0.133843
667 0.085822 0.118716
554 0.085955 0.127132
549 0.087058 0.090857
606 0.087058 0.090731
650 0.087058 0.110310
644 0.090731 0.111186
573 0.095503 0.105907
528 0.097481 0.104646
581 0.104490 0.125755
649 0.104646 0.121013
517 0.105907 0.120587
588 0.105907 0.144363
591 0.105907 0.186325
664 0.105907 0.170608
535 0.106050 0.130487
543 0.106212 0.115776
653 0.108854 0.111887
580 0.110560 0.116560
569 0.111186 0.157120
617 0.111887 0.208555
555 0.114300 0.153847
514 0.117772 0.161274
548 0.118716 0.182760
589 0.119744 0.152104
609 0.127132 0.159410
534 0.127905 0.164362
654 0.127905 0.167236
619 0.132450 0.199493
584 0.141598 0.141598
557 0.141598 0.203052
648 0.141598 0.193347
657 0.141598 0.174340
547 0.142506 0.146188
595 0.146188 0.253705
600 0.146188 0.160116
510 0.152104 0.191088
560 0.152104 0.164478
632 0.161274 0.175955
658 0.161376 0.206585
516 0.164478 0.195032
576 0.164478 0.276110
599 0.174340 0.258156
621 0.174340 0.187112
578 0.175955 0.191089
579 0.175955 0.282781
660 0.177669 0.235546
624 0.179661 0.196556
524 0.191089 0.252913
562 0.191089 0.236749
663 0.192067 0.324682
518 0.193347 0.274340
540 0.195032 0.329074
572 0.196556 0.244451
597 0.196556 0.218123
608 0.196556 0.290234
604 0.222096 0.388136
561 0.254539 0.348758
646 0.258420 0.447996
835 inf 0.103623
869 0.103623 0.093177
859 0.093177 0.108791
927 0.093177 0.101107
970 0.093177 0.129359
990 0.093177 0.093327
884 0.093327 0.078166
839 0.078166 0.085400
875 0.078166 0.108746
906 0.078166 0.092652
980 0.078166 0.090605
981 0.078166 0.090605
909 0.085400 0.090146
943 0.085400 0.105551
989 0.090146 0.099651
920 0.091581 0.117945
867 0.092652 0.103881
908 0.099651 0.178189
962 0.099651 0.142538
890 0.101107 0.089757
842 0.089757 0.089757
874 0.089757 0.085076
934 0.085076 0.105003
959 0.085076 0.085076
984 0.085076 0.082918
840 0.085076 0.089399
893 0.085076 0.075488
858 0.075488 0.075488
977 0.075488 0.075406
975 0.075406 0.089263
999 0.075406 0.081209
886 0.075488 0.095288
895 0.075488 0.090204
988 0.075488 0.107129
931 0.078758 0.095918
860 0.088299 0.088464
841 0.088464 0.076899
892 0.076899 0.098300
902 0.076899 0.063600
870 0.063600 0.060833
861 0.060833 0.063620
928 0.060833 0.077677
937 0.060833 0.060833
951 0.060833 0.066976
964 0.060833 0.053051
879 0.063620 0.065455
926 0.063620 0.052233
863 0.052233 0.071831
898 0.052233 0.049779
887 0.049779 0.043493
850 0.043493 0.071557
961 0.043493 0.048937
973 0.043493 0.052233
985 0.043493 0.044633
880 0.053421 0.068824
987 0.066773 0.067487
855 0.067487 0.096070
885 0.067487 0.068824
853 0.068824 0.084715
914 0.068824 0.099862
947 0.072832 0.089895
936 0.077677 0.077677
876 0.077677 0.060850
929 0.060850 0.083025
944 0.060850 0.075975
957 0.060850 0.077320
963 0.060850 0.048272
986 0.079708 0.093466
974 0.081575 0.090071
845 0.084715 0.130051
891 0.084715 0.109104
882 0.089256 0.090071
866 0.089263 0.129581
993 0.089757 0.101526
925 0.089895 0.113328
900 0.090071 0.137724
913 0.090071 0.145428
938 0.090071 0.107671
955 0.090071 0.095677
998 0.090204 0.099418
846 0.092864 0.092864
905 0.095288 0.121336
972 0.095638 0.105532
923 0.099418 0.126367
896 0.101526 0.103675
865 0.103675 0.126773
968 0.103675 0.134304
978 0.103675 0.144489
844 0.105532 0.107935
901 0.105532 0.118290
930 0.105532 0.149117
836 0.107129 0.107587
950 0.107587 0.113766
911 0.107935 0.119679
854 0.108791 0.159748
910 0.109104 0.162430
889 0.109806 0.129800
881 0.110818 0.116889
872 0.112332 0.120517
1000 0.113328 0.112543
904 0.112543 0.113199
960 0.112543 0.112543
992 0.112543 0.125696
924 0.112543 0.113199
991 0.112543 0.142218
871 0.113199 0.185465
958 0.113199 0.132109
838 0.113766 0.131607
916 0.113766 0.129607
979 0.113766 0.131607
915 0.118516 0.121897
965 0.119423 0.119423
918 0.119423 0.121897
948 0.119423 0.135505
994 0.121897 0.156556
956 0.124148 0.150949
837 0.126773 0.184856
864 0.126773 0.132423
848 0.129359 0.188206
856 0.129581 0.184856
903 0.129607 0.129607
912 0.129607 0.113109
899 0.113109 0.140171
976 0.113109 0.125369
940 0.122969 0.191391
917 0.129800 0.169256
922 0.130293 0.185995
868 0.131607 0.109698
851 0.109698 0.106772
852 0.106772 0.073502
847 0.073502 0.060610
888 0.060610 0.096392
921 0.060610 0.050964
878 0.050964 0.079890
969 0.050964 0.063548
971 0.050964 0.085137
954 0.060610 0.083577
862 0.073502 0.100843
967 0.073502 0.106772
996 0.075640 0.110375
966 0.079890 0.119142
877 0.110375 0.161026
849 0.132578 0.199325
883 0.137345 0.147201
933 0.142903 0.178397
952 0.147201 0.170224
953 0.150949 0.175775
932 0.151444 0.180304
897 0.161026 0.222893
919 0.169256 0.238064
907 0.172869 0.235089
942 0.175239 0.209694
873 0.175775 0.259567
939 0.184856 0.231121
946 0.185995 0.264519
983 0.194541 0.254067
941 0.199325 0.273709
857 0.206067 0.254575
894 0.209694 0.290287
843 0.222893 0.357940
935 0.231121 0.321774
1001 0.231121 0.276405
949 0.232274 0.316735
982 0.259706 0.372577
995 0.280908 0.429009
945 0.323224 0.404936
997 0.350976 0.443431
